Bhavjot Gill 
Reads 200 2-digit numbers from a f.dat file, then stores them into a 2-diminesional array. Then using a down heap
algrothim it sorts it and displays the sorted array.
Sample output :
input: f.dat
output: 
29 30 0 91 26 9 91 70 21 14 
20 56 17 24 47 2 35 45 19 51 
77 7 34 93 4 19 10 44 76 19 
47 44 15 30 84 53 28 42 7 65 
56 28 10 23 3 32 65 61 28 95 
30 73 42 75 14 85 72 60 91 42 
26 42 65 18 81 93 72 34 59 37 
31 64 21 79 68 97 32 13 62 80 
80 0 54 25 19 25 81 21 2 78 
29 9 89 77 80 75 91 34 61 24 
77 51 28 24 77 2 36 64 32 5 
46 63 94 42 77 64 56 80 63 14 
83 46 63 67 90 48 4 74 41 52 
62 37 49 71 41 38 80 60 99 5 
19 78 83 98 11 30 41 72 9 31 
86 88 40 47 13 94 98 22 79 94 
61 69 22 25 62 12 83 35 56 19 
62 74 27 19 41 35 38 16 9 80 
68 37 41 12 6 85 51 85 60 56 
13 95 29 5 60 15 98 86 4 61 
